<?xml version="1.0" encoding="UTF-8" standalone="no"?>
<!-- Created with Inkscape (http://www.inkscape.org/) -->

<svg
   id="svg3019"
   version="1.1"
   inkscape:version="1.1.2 (0a00cf5339, 2022-02-04)"
   width="2258.74"
   height="2854.8999"
   xml:space="preserve"
   sodipodi:docname="phys-risk-letters.svg"
   xmlns:inkscape="http://www.inkscape.org/namespaces/inkscape"
   xmlns:sodipodi="http://sodipodi.sourceforge.net/DTD/sodipodi-0.dtd"
   xmlns="http://www.w3.org/2000/svg"
   xmlns:svg="http://www.w3.org/2000/svg"
   xmlns:rdf="http://www.w3.org/1999/02/22-rdf-syntax-ns#"
   xmlns:cc="http://creativecommons.org/ns#"
   xmlns:dc="http://purl.org/dc/elements/1.1/"><metadata
     id="metadata3025"><rdf:RDF><cc:Work
         rdf:about=""><dc:format>image/svg+xml</dc:format><dc:type
           rdf:resource="http://purl.org/dc/dcmitype/StillImage" /></cc:Work></rdf:RDF></metadata><defs
     id="defs3023" /><sodipodi:namedview
     pagecolor="#ffffff"
     bordercolor="#666666"
     borderopacity="1"
     objecttolerance="10"
     gridtolerance="10"
     guidetolerance="10"
     inkscape:pageopacity="0"
     inkscape:pageshadow="2"
     inkscape:window-width="1920"
     inkscape:window-height="1053"
     id="namedview3021"
     showgrid="false"
     inkscape:zoom="0.16"
     inkscape:cx="2671.875"
     inkscape:cy="287.5"
     inkscape:window-x="0"
     inkscape:window-y="0"
     inkscape:window-maximized="0"
     inkscape:current-layer="g3027"
     showguides="true"
     inkscape:guide-bbox="true"
     inkscape:pagecheckerboard="0" /><g
     id="g3027"
     inkscape:groupmode="layer"
     inkscape:label="risk physics pdf"
     transform="matrix(1.25,0,0,-1.25,0,2854.8998)"
     style="display:inline"><path
   d="M 2e-4,2283.9145 H 1806.9873 V 476.92713 H 2e-4 Z"
   style="display:inline;fill:#222222;fill-opacity:1;fill-rule:evenodd;stroke:none;stroke-width:1"
   id="path3029"
   inkscape:connector-curvature="0" /><path
   style="display:inline;fill:#bbbbbb;fill-opacity:1;stroke:none;stroke-width:0.95186061"
   d="m 1763.4937,520.42089 c 0,0 -469.0638,86.79016 -857.6319,398.34536 C 697.8645,1085.5393 405.3343,1412.9529 251.435,1710.1625 110.3726,1982.5817 43.4938,2240.4209 43.4938,2240.4209 h 1719.9999 z"
   id="path3836"
   inkscape:connector-curvature="0"
   sodipodi:nodetypes="cssccc" /><path
   d="m 244.3302,364.05413 c 0,-16.6145 -2.9126,-31.9442 -8.6505,-46.0738 -5.7379,-14.131 -13.8733,-26.3778 -24.2348,-36.7393 -12.8463,-12.8463 -28.0902,-22.5241 -45.646,-28.9471 -17.5569,-6.423 -39.7377,-9.6778 -66.4574,-9.6778 l -49.6701,0 0,-139.2491 -49.6712,0 0,373.5601 101.3111,0 c 22.4382,0 41.4502,-1.8842 56.9503,-5.6523 15.5871,-3.7681 29.3746,-9.6778 41.4499,-17.6417 14.2169,-9.5916 25.1776,-21.4095 32.9712,-35.6261 7.7935,-14.2169 11.6475,-32.2002 11.6475,-53.9529 z m -51.7272,-1.2847 c 0,12.9319 -2.226,24.0644 -6.7648,33.6563 -4.5394,9.506 -11.3902,17.2996 -20.5541,23.2937 -8.0498,5.2243 -17.2139,8.9065 -27.4895,11.1336 -10.277,2.312 -23.2951,3.4249 -38.9667,3.4249 l -49.1565,0 0,-149.2688 41.8779,0 c 20.039,0 36.396,1.798 48.8991,5.3946 12.5042,3.5963 22.6953,9.3342 30.5734,17.2137 7.8794,7.9639 13.4458,16.4426 16.7003,25.3494 3.2544,8.8208 4.8809,18.7546 4.8809,29.8026 z m 347.783,-259.4024 -47.1866,0 0,159.5458 c 0,12.9322 -0.7711,25.0075 -2.2272,36.3118 -1.5407,11.304 -4.2818,20.126 -8.3072,26.4634 -4.1959,7.0214 -10.19,12.2456 -18.0695,15.6716 -7.8792,3.4248 -18.0706,5.1386 -30.5733,5.1386 -12.8467,0 -26.3767,-3.1688 -40.4215,-9.5059 -14.0454,-6.4233 -27.491,-14.4729 -40.3373,-24.4078 l 0,-209.2175 -47.1864,0 0,390.4316 47.1864,0 0,-141.3062 c 14.7305,12.2468 29.9741,21.7528 45.6457,28.6038 15.759,6.8508 31.8583,10.277 48.3869,10.277 30.3162,0 53.3537,-9.0782 69.2827,-27.3191 15.8434,-18.241 23.8073,-44.5329 23.8073,-78.7887 l 0,-181.8984 z M 868.5575,383.57943 704.9859,-7e-5 l -50.2707,0 52.0688,116.8986 -111.6737,266.6809 51.1262,0 86.0686,-207.7611 86.8385,207.7611 49.4139,0 z m 261.9714,-199.368 c 0,-25.6068 -10.6189,-46.5886 -31.7724,-63.0312 -21.1521,-16.357 -50.0131,-24.5784 -86.6667,-24.5784 -20.7244,0 -39.7361,2.4838 -57.1218,7.3644 -17.2993,4.9672 -31.7725,10.3629 -43.5042,16.2712 l 0,52.9259 2.4834,0 c 14.9003,-11.2183 31.4292,-20.1251 49.6701,-26.7196 18.2421,-6.5948 35.712,-9.9337 52.4982,-9.9337 20.7241,0 36.9094,3.3389 48.6425,10.0193 11.7321,6.6796 17.5558,17.214 17.5558,31.6009 0,11.048 -3.1685,19.4397 -9.5059,25.0931 -6.4231,5.7379 -18.5843,10.533 -36.6534,14.5588 -6.6807,1.5406 -15.4157,3.2544 -26.2063,5.3087 -10.7904,1.9701 -20.6385,4.1973 -29.4591,6.5089 -24.5798,6.5089 -42.0494,16.1008 -52.3264,28.6898 -10.277,12.6745 -15.4142,28.1746 -15.4142,46.5871 0,11.5616 2.3975,22.4382 7.107,32.6293 4.7965,10.1911 12.075,19.2694 21.7528,27.3189 9.3345,7.878 21.2394,14.131 35.7123,18.6687 14.4725,4.625 30.6578,6.9369 48.5569,6.9369 16.7859,0 33.6563,-2.0542 50.87,-6.1656 17.128,-4.1102 31.3449,-9.0768 42.7348,-14.9006 l 0,-50.4428 -2.4834,0 c -12.0751,8.8208 -26.7197,16.357 -43.9337,22.4382 -17.2136,6.08 -34.084,9.163 -50.6126,9.163 -17.2995,0 -31.7724,-3.3392 -43.6773,-9.934 -11.9035,-6.5948 -17.8132,-16.4427 -17.8132,-29.4608 0,-11.5602 3.598,-20.2104 10.7906,-26.1187 7.0226,-5.8238 18.4125,-10.6203 34.0855,-14.3028 8.735,-1.9698 18.4984,-3.9396 29.289,-5.9938 10.7048,-1.9698 19.6974,-3.854 26.89,-5.4819 21.9246,-5.0525 38.7953,-13.7019 50.6985,-25.8628 11.9049,-12.4171 17.8132,-28.7753 17.8132,-49.1564 z m 118.1832,246.3843 -53.1819,0 0,48.9004 53.1819,0 0,-48.9004 z m -2.9971,-327.2287 -47.1881,0 0,280.2124 47.1881,0 0,-280.2124 z m 300.509,17.5558 c -15.7572,-7.5362 -30.6592,-13.36 -44.7888,-17.5558 -14.131,-4.1958 -29.1175,-6.2515 -45.0465,-6.2515 -20.211,0 -38.7949,2.997 -55.6668,8.9067 -16.8706,5.908 -31.3432,14.9006 -43.4185,26.9756 -12.1612,12.0753 -21.6672,27.2333 -28.3462,45.6461 -6.6807,18.4124 -10.021,39.9078 -10.021,64.4876 0,45.8161 12.5901,81.7855 37.7677,107.9059 25.1776,26.119 58.4064,39.1368 99.6848,39.1368 16.0994,0 31.858,-2.2272 47.2723,-6.7652 15.5015,-4.5388 29.717,-10.0207 42.563,-16.6141 l 0,-52.4123 -2.4834,0 c -14.387,11.2198 -29.289,19.783 -44.5329,25.8641 -15.3297,5.9942 -30.23,8.9909 -44.7888,8.9909 -26.8058,0 -47.8732,-8.9909 -63.3733,-26.9756 -15.5013,-17.9847 -23.209,-44.3613 -23.209,-79.1305 0,-33.7422 7.5362,-59.6911 22.6956,-77.8476 15.158,-18.1551 36.3958,-27.2333 63.8867,-27.2333 9.506,0 19.1838,1.2847 29.1172,3.7681 9.8479,2.4834 18.6701,5.7379 26.5482,9.7634 6.851,3.5104 13.274,7.2799 19.3552,11.1327 5.9939,3.9396 10.7907,7.3656 14.3011,10.1909 l 2.4834,0 0,-51.9829 z m 260.6871,63.2886 c 0,-25.6068 -10.6189,-46.5886 -31.7724,-63.0312 -21.1522,-16.357 -50.0134,-24.5784 -86.6668,-24.5784 -20.7244,0 -39.7363,2.4838 -57.1215,7.3644 -17.2998,4.9672 -31.7724,10.3629 -43.5044,16.2712 l 0,52.9259 2.4834,0 c 14.9006,-11.2183 31.4289,-20.1251 49.6701,-26.7196 18.2421,-6.5948 35.712,-9.9337 52.4979,-9.9337 20.7244,0 36.9094,3.3389 48.6431,10.0193 11.7317,6.6796 17.5555,17.214 17.5555,31.6009 0,11.048 -3.1688,19.4397 -9.5062,25.0931 -6.4231,5.7379 -18.584,10.533 -36.6532,14.5588 -6.6806,1.5406 -15.4156,3.2544 -26.2063,5.3087 -10.7906,1.9701 -20.6384,4.1973 -29.4593,6.5089 -24.5795,6.5089 -42.0494,16.1008 -52.3264,28.6898 -10.277,12.6745 -15.4143,28.1746 -15.4143,46.5871 0,11.5616 2.3979,22.4382 7.1071,32.6293 4.7968,10.1911 12.0753,19.2694 21.753,27.3189 9.3342,7.878 21.2392,14.131 35.712,18.6687 14.4729,4.625 30.6582,6.9369 48.557,6.9369 16.7862,0 33.6566,-2.0542 50.8705,-6.1656 17.1278,-4.1102 31.3444,-9.0768 42.7343,-14.9006 l 0,-50.4428 -2.4835,0 c -12.075,8.8208 -26.7196,16.357 -43.933,22.4382 -17.2139,6.08 -34.0846,9.163 -50.6129,9.163 -17.2995,0 -31.7724,-3.3392 -43.6773,-9.934 -11.9038,-6.5948 -17.8132,-16.4427 -17.8132,-29.4608 0,-11.5602 3.5977,-20.2104 10.7906,-26.1187 7.0226,-5.8238 18.4125,-10.6203 34.0855,-14.3028 8.735,-1.9698 18.4983,-3.9396 29.289,-5.9938 10.7047,-1.9698 19.6971,-3.854 26.89,-5.4819 21.9246,-5.0525 38.7949,-13.7019 50.6988,-25.8628 11.9046,-12.4171 17.8129,-28.7753 17.8129,-49.1564"
   style="fill:#222222;fill-opacity:1;fill-rule:nonzero;stroke:none"
   id="path3031"
   inkscape:connector-curvature="0" /><path
   id="path12"
   style="fill:#bbbbbb;stroke-width:1"
   d="m 298.775,1202.9042 -120.71718,-80.7782 -71.20157,73.3688 v -42.1063 L 184.925,1076.4042 H 33.848438 V 1043.876 H 298.775 v 32.5282 h -76.07969 l -22.04844,22.9515 98.12813,63.4313 z m -56.38282,-197.8813 c -11.0838,0 -20.36016,-2.5898 -27.82968,-7.7703 -7.46952,-5.18048 -13.13226,-12.35008 -16.9875,-21.50624 -3.97571,-9.03568 -9.0354,-25.05776 -15.17969,-48.06872 -4.33714,-15.90288 -7.10773,-25.48152 -8.31249,-28.7344 -2.28905,-5.6624 -5.1812,-9.81824 -8.675,-12.46872 -3.37335,-2.65048 -7.16772,-3.97656 -11.38438,-3.97656 -6.62619,0 -12.40891,3.19288 -17.34844,9.57808 -4.93952,6.38528 -7.40938,17.04688 -7.40938,31.98592 0,12.65 2.7706,22.40944 8.31251,29.27656 5.5419,6.98768 13.2522,11.20432 23.13125,12.65 l -4.33751,31.80472 c -12.40905,-2.04808 -22.28688,-5.78168 -29.63593,-11.20312 -7.46953,-5.42144 -13.3738,-13.8548 -17.71094,-25.3 -4.33714,-11.3248 -6.50625,-24.51704 -6.50625,-39.57656 0,-9.99952 1.32608,-19.39744 3.97656,-28.19216 2.53,-8.67432 5.66211,-15.5416 9.39687,-20.6016 4.81906,-6.74664 10.90252,-12.10712 18.25157,-16.0828 7.22857,-3.85528 15.12119,-5.7828 23.675,-5.7828 9.39715,0 18.01123,2.34824 25.84219,7.04688 7.71047,4.81904 13.79393,11.80784 18.25156,20.964 4.33714,9.27672 9.51681,25.84104 15.54063,49.69536 4.45761,17.71 8.13356,28.79392 11.025,33.25152 4.21666,6.38528 9.99938,9.57816 17.34843,9.57816 8.19239,0 15.3604,-3.6136 21.50469,-10.84216 6.02381,-7.22864 9.03593,-18.31256 9.03593,-33.2516 0,-14.81856 -3.43441,-26.384 -10.30156,-34.69688 -6.86714,-8.1924 -16.74654,-13.19288 -29.63749,-15 l 5.06093,-32.1672 c 20.36048,3.61432 35.72029,11.92768 46.08125,24.93912 10.36095,13.13184 15.54219,32.1676 15.54219,57.10624 0,15.05952 -2.58984,28.55248 -7.77032,40.47968 -5.30096,11.92712 -12.7105,21.02272 -22.22812,27.28744 -9.6381,6.38524 -19.87901,9.57814 -30.72188,9.57814 z M 33.848438,809.12916 V 776.59948 H 71.25625 v 32.52968 z m 73.007812,0 V 776.59948 H 298.775 v 32.52968 z M 298.775,747.32452 226.67031,701.24324 c -14.09572,-9.15616 -25.84191,-18.8548 -35.23906,-29.09528 -4.33714,-4.81912 -8.73457,-11.86712 -13.19219,-21.14376 -3.49381,25.42048 -11.68716,44.21472 -24.57812,56.3828 -12.89096,12.16808 -28.73227,18.25152 -47.52656,18.25152 -14.577628,0 -27.891444,-3.67432 -39.939067,-11.02344 -12.047624,-7.34904 -20.420177,-17.1676 -25.118751,-29.45624 -4.819049,-12.28856 -7.228124,-30.23976 -7.228124,-53.85312 V 513.84164 H 298.775 v 35.05784 H 181.12969 v 40.66096 c 0,9.03568 0.42229,15.54144 1.26562,19.5172 1.32523,5.42144 3.67511,10.72264 7.04844,15.90312 3.37334,5.30096 9.27604,11.2644 17.70938,17.89064 8.43333,6.62616 20.60182,15.05952 36.50469,25.3 L 298.775,703.23076 Z M 106.13438,689.49636 c 8.55381,0 16.50408,-2.34984 23.85312,-7.0484 7.22857,-4.69864 12.52979,-11.56584 15.90312,-20.6016 3.25286,-9.03568 4.87969,-21.56416 4.87969,-37.58752 V 548.89948 H 63.123438 v 83.8516 c 0,19.6376 4.035904,33.9752 12.107812,43.01088 8.07191,9.15624 18.373598,13.7344 30.90313,13.7344 z" />
</g></svg>
